123445 5687654321 ANA-MARIA-RAMIREZ 03632134521 2
123445 5680000021 CLARA-HERNANDEZ 03600004521 2
123445 1680003021 FERNANDO-SUAREZ 03600554521 2
123654 6687654321 PEPO-RAMIREZ 03632134221 2
123654 5687654321 ANA-MARIA-RAMIREZ 03632134521 1
123654 1677654321 PEDRO-MARIN 03634444221 1
123654 1677600000 JHONATAN-MOJICA 03633332211 1
132543 1677655555 JOHN-SILVA 03644422115 1
132543 1977646644 LAURA-ORMAZA 03111122333 2
132543 1677644444 DAVID-PEREZ 03644422333 1
876543 1677644444 LUISA-RODRIGUEZ 03100022333 2
876543 1077645544 FERNANDA-MEJIA 03188822333 2
876543 1977646644 LAURA-ORMAZA 03111122333 2
876543 1177633444 DANIEL-ARIAS 03100022333 1